image: fifth_honban_osimizu20161106.bag.pgm
resolution: 0.250000
origin: [-127.200000, -119.200000, 0.000000]
negate: 0
occupied_thresh: 0.65
free_thresh: 0.196

